1 2200
2 6864	
3 15224 #ish
4 30976
5 56428
6 97944
7 163300
8 264844
9 419560
10 602448
11 852324
12 1274800
13 1741568
14 2393896
15 3178888
16 4395776
17 5822952
18 7680496
19 10094700
20 12576960
21 15271408
22 18176328
23 21296324
24 24667473 #ish
25 28540928
26 34120944
27 40238272
28 48132760
29 56424720
30 65569680
31 76150072
32 94969036
33 106260696
34 120486962 #ish
35 140582440
36 161803798 #ish
37 185276918 #ish
38 213373464.5 #ish
39 250716864
40 299934429.75 #ish
41 372900328
42 439287340
43 528448652
44 635079244
45 762509284
46 914665840
47 1074729260
48 1262236800
49 1481808020
50 1738858000
51 2039683800
52 2391634960
53 2803273880
54 3284594280
55 3847231300
56 4504758720
57 5272982220
58 6170314920
59 6925134590 #ish
60 7828783242.5 #ish
61 9030089860
62 10193730703.75 #ish
63 11282040000